352104043955610
10
352104043955610
10
352185047591295
353608050129918
359954048172311
352104043955628
352185047591295
352981043613145
352981044825417
3529810457384610
3530980409196210
353098043843017
3533730328596910
352104043955628
352185047591295
352981043613145
3529810457384610
352981045738460
352981045738619
352981045738718
352981045738809
352981045738460
352981045738619
352981045738718
352981045738809
352981045739799
352981045739898
352981045739989
352981045740888
352981045749889
352981045713988
352981045791398
353098040919638
353098040919745
353098040919935
353098040920024
353098040920925
353098040929926
353098040911992
353098040991199
353098043843017
353098043843108
353098043844007
353098043853008
353098043814300
353098043891430
353373032859690
353373032859781
353373032860680
353373032869681
353373032815968
353373032891596
353608050129918
353608050129918
353608050130007
353608050130908
353608050139909
353608050112990
353608050191299
354188032942406
354188032942539
354188032942620
354188032943529
354188032952520
354188032914252
354188032991425
354345040235559
354345040235658
354345040235740
354345040236656
354345040236755
354345040236847
354345040237746
354345040246747
354345040213674
354345040291367
356908033663893
356908033663984
356908033664883
356908033673884
356908033616388
356908033691638
356914037073675
356914037073766
356914037074665
356914037083666
356914037017366
356914037091736
357093030933422
357093030933513
357093030934412
357093030943413
357093030913341
357093030991334
357096030071598
357096030071689
357096030072588
357096030081589
357096030017158
357096030091715
357679038715801
357679038715892
357679038716809
357679038716890
357679038717799
357679038726790
357679038711679
357679038791167
358238036731150
358238036731242
358238036732141
358238036741142
358238036713114
358238036791311
358561031437758
358561031438087
358561031438855
358561031439390
358561031440018
358561031440109
358561031441008
358561031450009
358561031414000
358561031491400
358561031437758
358561031438087
358561031438855
358561031439390
358561031440018
358561031440109
358561031441008
358561031450009
358561031414000
358561031491400
358561032041146
358561032041328
358561032041419
358561032042318
358561032051319
358561032014131
358561032091413
358561039543078
358561039543318
358561039543508
358561039543706
358561039543953
358561039544043
358561039544944
358561039553945
358561039514394
358561039591439
358561039543508
358561039543706
358561039543953
358561039544043
358561039544944
358561039553945
358561039514394
358561039591439
358614030119917
358614030120006
358614030120907
358614030129908
358614030111990
358614030191199
358614030124867
358614030124958
358614030125856
358614030134858
358614030112485
358614030191248
359039022418094
359039022418185
359039022419084
359039022428085
359039022411808
359039022491180
359237043482244
359237043482335
359237043483564
359237043483655
359237043484687
359237043484810
359237043484919
359237043485007
359237043485908
359237043494900
359237043418490
359237043491849
359243039113850
359243039114502
359243039115699
359243039115822
359243039115913
359243039116812
359243039125813
359243039111789
359243039112373
359243039113850
359243039114502
359243039115699
359243039115822
359243039115913
359243039116812
359243039125813
359243039111789
359243039112373
359243039113850
359243039114502
359243039115699
359243039115822
359243039115913
359243039116812
359243039125813
359243039111789
359243039112373
359243039113850
359243039114502
359243039115699
359243039115822
359243039115913
359243039116812
359243039125813
359243039111789
359243039112373
359243039113850
359243039114502
359243039115699
359243039115822
359243039115913
359243039116812
359243039125813
359243039111789
359243039112373
359243039113850
359243039114502
359243039115699
359243039115822
359243039115913
359243039116812
359243039125813
359243039111789
359243039112373
359243039113850
359243039114502
359243039115699
359243039115822
359243039115913
359243039116812
359243039125813
359243039111789
359243039112373
359243039113850
359243039114502
359243039115699
359243039115822
359243039115913
359243039116812
359243039125813
359243039111789
359243039112373
359243039113850
359243039114502
359243039115699
359243039115822
359243039115913
359243039116812
359243039125813
359243039111789
359243039112373
359243039113850
359243039114502
359243039115699
359243039115822
359243039115913
359243039116812
359243039125813
359243039111789
359243039112373
359243039113850
359243039114502
359243039115699
359243039115822
359243039115913
359243039116812
359243039125813
359243039111789
359243039112373
359243039113850
359243039114502
359243039115699
359243039115822
359243039115913
359243039116812
359243039125813
359243039111789
359243039112373
359243039113850
359243039114502
359243039115699
359243039115822
359243039115913
359243039116812
359243039125813
359243039111789
359243039112373
359243039113850
359243039114502
359243039115699
359243039115822
359243039115913
359243039116812
359243039125813
359243039111789
359243039112373
359243039113850
359243039114502
359243039115699
359243039115822
359243039115913
359243039116812
359243039125813
359243039111789
359243039112373
359243039113850
359243039114502
359243039115699
359243039115822
359243039115913
359243039116812
359243039125813
359243039111789
359243039112373
359243039113850
359243039114502
359243039115699
359243039115822
359243039115913
359243039116812
359243039125813
359243039111789
359243039112373
359243039113850
359243039114502
359243039115699
359243039115822
359243039115913
359243039116812
359243039125813
359243039111789
359243039112373
359243039113850
359243039114502
359243039115699
359243039115822
359243039115913
359243039116812
359243039125813
359243039111789
359243039112373
359243039113850
359243039114502
359243039115699
359243039115822
359243039115913
359243039116812
359243039125813
359243039111789
359243039112373
359243039113850
359243039114502
359243039115699
359243039115822
359243039115913
359243039116812
359243039125813
359243039111789
359243039112373
359243039113850
359243039114502
359243039115699
359243039115822
359243039115913
359243039116812
359243039125813
359243039111789
359243039112373
359243039113850
359243039114502
359243039115699
359243039115822
359243039115913
359243039116812
359243039125813
359243039111789
359243039112373
359243039113850
359243039114502
359243039115699
359243039115822
359243039115913
359243039116812
359243039125813
359243039111789
359243039112373
359243039113850
359243039114502
359243039115699
359243039115822
359243039115913
359243039116812
359243039125813
359243039111789
359243039112373
359243039113850
359243039114502
359243039115699
359243039115822
359243039115913
359243039116812
359243039125813
359243039111789
359243039112373
359243039113850
359243039114502
359243039115699
359243039115822
359243039115913
359243039116812
359243039125813
359243039111789
359243039112373
359243039113850
359243039114502
359243039115699
359243039115822
359243039115913
359243039116812
359243039125813
359243039111789
