357096030076027
357679038711958
358561031436800
358614030177253
356060042661151
358561039539886
353098040958263
357096030050147
358561031436438
358561039537906
358561032040536
352981043672109
359237043428171
352981043685192
352981043682421
358561039536742
359243039111748
352981043690317
358561031435034
356060042831077
359243039113322
358561031435216
358561032041286
352981043688410
358561031435638
352981043673248
358561031439515
355382040046529
358561039535132
352981045726564
353098040962059
357096030086802
352981043679807
358561031429029
358561039512644
359039022441245
352981043673651
358561039540876
358614030175505
353098040920339
358561039542682
357096030050766
358561031431959
358614030113274
352981044835135
357679038733481
358561031436453
353098040926179
358561031434664
353098040959881
358561039543797
359954048188861
352981043677082
358561031439788
359237043483937
352981045755159
358561031434706
354188032932480
357096030058298
359954048187327
358561031432684
358561039540355
358614030117960
359662032224309
359954048166636
357679038716338
358561039536171
359954048164425
359954048168202
359039022437805
359954048171107
358561031432213
358561039539837
359954048187400
355382040044870
358561039536403
358614030176370
358614030175331
358614030173880
359954048165612
359039022442490
359954048168525
357096030075854
358561031428930
358561039540603
354345040229222
353373032871398
359243039111409
358502026238173
358561039537880
358561031431710
353098040921162
358561039540686
353098043899753
357096030074717
357679038716338
358561039537211
352981045764870
357679038769840
359954048164334
359960041210859
358561031428690
358561039542716
353098040925338
359492021169186
353373032859906
358561031429805
359039022439181
354188032959517
358614030174573
358614030121756
359954048188622
359960041211139
352981045744369
353098040915677
358561039541585
358614030176842
358614030114470
359243039115616
358561031434839
358614030173971
357679038712725
352981044835515
358561039542864
358614030175968
359954048164805
357096030074477
359237043485148
357096030013848
358614030184051
358561031439697
352981043676886
353098043899233
357096030076894
358614030123166
359954048188721
352981044895121
357096030013509
359039022442565
359039022438654
352981043676910
353098040963255
358561039544373
358614030174995
358561031435240
359662032225892
359243039112506
359662032224374
359954048171610
352981043690317
358561031434854
353098040961440
358561039540280
352981044835143
357096030075664
358561032041989
359237043426589
358561039534689
358614030180596
359039022440387
352981044895618
355382040042288
357096030059312
359039022441609
357096030059809
357679038768230
358561031435463
358561031424905
358561039535660
355382040044979
358561031439341
358561031437121
358561039536585
353373032860888
355382040013834
352981043671390
353098040960988
358614030174623
353098040918630
359954048168087
358614030174201
354188032940483
359954048167634
359237043483895
359237043484323
359954048188465
352981044893142
352981045726036
353098040919687
358561039536825
357679038720595
358561039542930
353373032875209
357096030086950
358561031438574
358614030179077
358614030177808
352981045775306
358561039534853
357096030059403
358614030173716
356908033671664
358614030179317
359237043482889
359954048170216
358561031427387
352981044838626
353098040958222
358561031437709
353373032865978
359954048169382
358561031431660
352981045738387
353098040960004
356908033672811
358561039537617
358614030177576
359954048171545
354345040244890
358561039542153
357096030075011
358614030178293
358561031452872
352981043699748
358561031435588
358561031436651
358561031430506
357096030071580
358561039541445
352981045739831
358561031437436
358561031431413
359492021180530
359954048167550
358614030175505
352981044831639
358561031436016
357679038715520
358561032040825
358561039542146
352981044895402
358561031431371
358614030181446
352981043696348
352981044835424
358561031439887
358614030178962
359662032225033
352981045769218
359954048172584
358561031426587
353098040919414
358561031431371
352981043689830
359954048169325
359662032210357
354345040229255
356908033650700
358238036712671
352981044830953
358614030179911
352981045749210
358561031427114
352981045728479
358561031430738
358614030179556
359237043428247
359662032256897
359954048166230
352981045741647
358561031439135
358614030112516
352981045743965
358561039543342
359243039111318
358561031428203
359237043482665
357096030073529
358561039538441
359243039111235
353098040922657
359039022442730
359954048165935
352981043683502
358561039510721
359960041210404
359492021118167
357096030075219
352981043685002
357679038715785
358614030179002
359954048164599
358561039535777
358614030179267
359954048167303
358561039541098
358561039535801
353098043898789
358561039539662
359243039112555
357096030074733
357096030074113
352981043685184
352981043684781
357679038713814
358561031437485
358561039544084
353098043898490
358561039536197
359662032224176
359954048165836
354188032940624
358561039536866
358614030111757
358614030180174
358614030181040
358561031436297
352981044842651
358561031436677
358614030112995
358614030174417
359954048188010
357096030086919
358561031437477
358614030162982
353098040919752
357096030079526
352981045731184
358614030174144
359039022438621
355382040045224
358561039542815
358614030174326
356914037073725
352981045756652
358561031438798
358614030177246
354345040233026
358561039543052
358614030180273
358561031433229
353098040925825
358238036734147
358614030174607
358614030180406
352981045735110
358614030177121
359243039114627
358614030181073
358614030163204
359237043435416
353098043898748
358561031438962
359039022417781
358561039529168
358561039541304
359243039111698
352981045750093
359243039112183
357096030074402
359039022441104
353098040922830
358614030113647
353098040916683
358614030179135
359954048169275
356914037020254
352981043688873
359960041210610
358561031437725
358561039536775
357096030073545
358561031438046
359243039113652
352981043696447
358561039541197
358561039540611
358614030180984
358614030177436
352981044844863
357679038770665
358614030177543
359237043482558
358614030177790
358614030176578
358561039542773
358561039542955
358561039542120
358614030175984
359954048165364
358561039537351
359954048166271
358561039510705
359960041211493
358614030174060
359954048172725
358561031437386
358614030114439
359243039113249
358614030121756
358561031427486
358561031437691
359954048166198
352981043699227
352981043685192
354345040246648
359243039112209
353098040920966
358561031428682
358561039542906
358614030176065
359237043432306
358561031437022
358561031435539
358561039539928
354188032939477
358561031436032
358561039542039
358561039510556
352981044895295
358561039536155
359492021177502
359954048165661
355382040045737
356908033631890
357679038787297
352981043673586
352981045769234
357679038717351
358561039535918
358614030180935
359662032223566
353098040964543
358561039538243
353098040963099
354188032934486
358561031437378
353098040917806
358561031435406
359954048169275
352981043680706
358561031425779
352981044832173
353098040917814
357679038720595
358502026214596
358614030163691
358561031424491
358561039542120
358614030177444
358561039536429
359243039113108
358614030162701
359954048174382
359237043484075
352981045755399
353373032859716
353098040919646
358614030176321
353098043898854
357679038715470
352981043671374
359237043482582
358614030174797
353098040963024
352981045749152
356914037020429
359243039112506
359960041210107
352981045731010
357096030076712
358561031428013
358561039542179
358561039543672
359662032230710
358561039535405
354188032971736
357679038714945
358614030113084
358561039535678
359954048171628
358614030180901
359954048164615
353098043899886
357679038721502
358561032025438
358614030177444
357096030074493
359237043433361
354188032971710
358561039540306
359039022442508
356914037058114
359243039111961
357096030014754
353373032866331
358238036731788
354188032942745
355382040010061
358561031427189
358561039535868
356908033631577
358561039539183
358614030176974
353098040961564
358502026240575
358561039542088
352981045743023
358614030177741
358561031431520
358614030163089
359954048167998
359954048164946
353098040963149
358561031434995
358561039543334
358614030175034
352981043683106
352981044842305
358561031438350
358614030176891
356060042831242
359954048186964
353098040919083
358561039541114
359243039115004
354345040246036
358561031438038
353098040920982
358561031438509
358561031436065
358614030181164
357096030074170
358561031428781
356060042831192
358238036725384
358561039537591
358614030176644
352981045761249
352981043683460
353098040922830
358561031436602
352981043623748
358561039537633
358561039539084
359954048167881
352981043681340
358561031431975
353098040958859
357096030074717
358561039535546
358614030179127
358614030112482
359954048167246
358561039542716
358561039542260
358561039537211
353098043843520
357096030064809
358561039543680
358614030173898
359039022440213
358561031433377
359039022442698
359237043430144
353373032859757
358614030177766
359243039112977
353098040962299
358614030181099
358561031435752
358614030175687
358614030174177
358614030163220
357679038713525
359237043482509
358561039542872
359039022421668
359960041210396
357679038716148
358561039537583
352981044895329
357679038715843
358561039544126
358561031437501
359243039115442
352981043681209
353098040963156
354345040231244
355382040047048
358561031431181
358614030114405
359039022441732
353098040918010
358561039535611
352981043676209
353098043843124
352981045742991
355382040010467
352981043673727
358561031431025
358614030117770
358614030111898
359039022421148
353098040922012
357096030075698
359954048169929
352981043693717
358614030162875
358561039543391
358561031427270
358614030173641
359039022440494
353098040924398
354345040247059
358561031439689
358614030175745
359237043429369
359039022438522
358614030177295
358614030179093
352981045743460
352981045738163
358561031437089
358614030180422
357096030063173
353373032861910
357096030058298
358561031431165
359237043427272
352981044895154
352981045722878
358614030183921
359243039115632
359954048169309
358561032041542
358561039537930
353098040925239
358614030177790
359954048166453
358561031431876
359954048186535
352981043683379
353098040962257
358561039542757
358614030114579
358238036710774
358561039536320
358561031424996
358614030176693
356908033664511
358561031437808
358614030179697
352981043681415
353098040959626
358614030112250
353098040922798
354345040244890
358561031439499
359237043484026
358614030117911
356060042831366
352981043696033
358561031436677
357096030075102
358561031436388
358561039537351
355382040044623
358561031427239
357096030074840
358561031436339
359243039112654
358561031428807
358614030176214
359243039112738
358238036722332
359954048164680
359243039114239
357096030012782
353373032860037
357679038714051
353098040917673
359039022439264
359662032225850
359039022440379
358561039535439
358614030162941
358561032040270
358561031424954
358561039542187
358614030174565
358561039543730
358614030114470
358561031427031
353098043898904
358561031436040
352981043685382
352981045739658
358561039543193
358561039538938
358614030119909
358561031436206
358561039541221
358614030163170
359039022421585
352981045774663
353098040919729
358561039539191
358561039539126
357679038715769
358561039539258
359954048186873
359039022442318
354188032951787
358614030178319
352981043676969
353098043898995
358561031436719
356908033631643
358561039541627
358561031435026
352981043685192
353098040961069
357096030073602
358561031437196
352981045725426
353098040921733
358561039541262
359039022434984
359954048168541
358561039533632
358561031434904
358614030115113
352981045771297
352981045761124
358561031427445
359039022420850
358561031434276
359237043484901
358561039540611
357679038787370
359237043484430
352981043676928
352981044844731
352981045738627
358561039539662
358561031427163
357679038788568
358561031437600
358561039543268
359039022420165
359237043482855
353373032866745
358561031434219
358561039544381
358561031438947
358561039537013
358561039541965
353373032869343
358561031435950
358614030178137
359039022441245
352981045735003
358614030178285
358561039540728
358614030175752
357679038714572
359039022440643
352981044847270
353098040918234
358561031434789
358561031438756
358614030179051
358561031437543
353098040924646
358561039543946
352981043688899
353098040921147
358561031435992
353373032860045
358561031424525
359039022421460
358561031424996
358561039536452
352981045739831
358614030183111
352981043673222
353098040962984
357096030076050
358561039542401
358614030180083
358561039513147
358561039544431
356060042831259
358614030175836
352981043687578
358561039535538
359954048166313
358614030179150
359243039113264
353098040923754
357679038712832
358561031437485
358561031437006
358561039543698
358614030180414
359662032227450
357679038715876
358561031437972
357096030074113
358561039541593
358614030178566
353098040924901
358614030163220
358614030176347
359039022421825
359954048170158
352981043684492
358561031439499
359039022443134
352981044842537
358561031439259
358614030111856
353373032860896
357096030061821
358614030174490
356908033623830
352981044842438
353373032860961
357679038713350
358561039542070
359039022440817
352981043670707
358561039542674
357096030050204
358561039534697
352981045722803
358614030161893
359954048186485
358614030180513
356908033670245
357096030074139
359954048169606
357679038715850
358561032040924
358614030180919
358614030176966
353098040963040
354188032951720
357096030014481
358561039543334
358561039535918
358614030112862
358561031439523
352981045777666
353098040959584
357096030014507
358561031426876
358561039534275
354345040231483
358561031432015
357096030059601
359243039112258
352981045738221
358561031427114
358561031433377
358614030181404
353098040963255
358561039541205
352981043696157
352981045738536
358614030124859
357096030076498
358614030180141
354188032921707
358561031433534
359039022438514
352981043670665
358561039544290
358561031428880
358561039538011
358561039536585
358614030176149
352981043693899
357096030074857
359237043483770
353098040962109
355382040012950
358561031438111
353373032859682
358561031436693
352981043681613
358561039536023
352981044831027
358614030177212
353373032864625
358561031428575
359954048170778
358614030176420
358614030122176
358561031430662
358614030178848
359243039111573
358561031438376
358561039539571
358561031431652
358561032040064
359954048166644
356060042830848
358561039543425
358614030175026
359954048173400
352981043673404
358561031437402
359243039112522
358614030176057
359039022439348
355382040014311
358614030175802
353098040926054
357679038768081
358614030113589
358561039534234
359662032225959
359662032231163
358561039536205
358614030177808
359243039111292
353098040920933
359039022421460
358561039535082
352981044825383
358614030178640
359039022438340
352981045743387
358561039542013
352981043699599
353098040926153
354188032939014
358561031438558
352981043671721
352981045778169
353098040915156
358561032020504
358561039543110
359237043427306
353098040922467
358561031431306
357679038788105
359954048165778
357096030060047
358502026239981
358614030178210
358238036710493
358614030174847
358561039534804
358614030178087
358614030176271
358561032025743
355382040039334
358561031438608
358561039539860
358614030179564
352981045741829
359954048168392
352981043670780
358561032041542
359954048166735
358614030175125
359954048188879
356908033672092
358561039539357
358614030113076
357096030059833
358561039540504
358614030180919
359039022439058
359662032227765
358614030177410
359243039113058
358561031437717
358561032040528
359243039112142
359243039115590
354188032951472
358614030175711
353098043898474
357096030059932
358561031439218
358561031433377
359237043483275
354188032939444
357096030058587
352981045743353
359039022421593
359237043482608
359243039113694
353098040962927
352981043642425
358561031433575
358561031428880
358614030180448
352981043688469
359237043482418
358561039538136
358614030113134
358561039539324
358561039540736
359954048169887
353098040914811
353373032861969
357096030071341
358561031437428
353098040961903
358561031438582
358561031433302
358561032042177
359039022443068
358561031436628
359662032257424
353098040960194
353098043844296
358614030180646
353098040961747
358561031425696
352981043696322
357096030061250
359237043483002
359243039112035
352981045725517
358561039529200
355382040043518
358614030114728
357096030075284
358614030123364
358614030173799
357679038768727
353098040963289
358561039528905
358561039536742
359954048169366
353098043899282
358561031426850
352981044895147
358561039511992
358614030177444
359039022422096
358561031436289
359954048166339
353098040925999
353098040959584
359039022441534
355382040014071
358561032041948
358561039535934
352981045728156
358614030176198
353098043899233
357096030050162
353098040917194
352981044893167
353098040962315
357096030073248
357679038769493
359039022440304
359954048166297
359039022434810
358561031434763
352981043699177
359243039112217
352981043671507
353098040963537
352981044831860
359662032224135
353098040914977
358561039534986
358614030119834
358561039538326
358614030178533
359662032212676
359954048170794
354188032951746
352981043697072
352981043683726
358614030183095
358561031436339
358561039535827
354345040250699
352981045762023
356908033670328
352981045726325
358614030180935
359954048188127
354188032939162
358614030180190
358561039535173
358614030111682
353098040960624
358561031436404
358561031435471
358561039533285
358561031435398
358561039540041
359039022442979
352981043682975
357096030086976
352981045755068
359039022440122
359237043482178
359243039112209
357096030073180
358561031433351
358561032041823
359039022434356
354188032942562
359954048166594
358561031429490
358614030175547
353098043843181
359039022440940
352981045726325
353098043898995
359243039111151
359954048170216
357679038713004
358561039534804
358614030182832
357096030074683
358561032040874
358614030180950
358614030180620
353098040920875
353098040921691
359662032224176
352981044895535
358561039543391
352981044831829
359039022420207
355382040040092
354345040248966
358561039534259
359960041211832
359960041210842
359954048188598
357096030064049
358561031437170
358561039538573
358561039537435
353098040919125
359039022441450
358561039544308
357679038770673
353098043899472
358614030180356
358561031433757
358561031427361
358561031439556
358238036716938
358614030175455
359954048187970
358561031425118
359039022440189
353098040962240
358561031437584
358561031436818
358561031425803
352981045755126
358561031435596
358561039538219
359954048164771
357096030074675
357679038712055
358561039544233
358614030177253
359954048166578
358561039543409
358614030176404
352981045725913
353098040965920
357096030013905
358561039538375
358561031430720
359039022443035
359237043484240
359954048167717
358614030114447
353098040936517
358561039539530
359039022420181
352981044834344
352981045728255
358561031437899
358614030179036
358561031436529
358561031428369
358561032040239
358614030180026
359039022441674
358561031439341
352981044838592
358561031437394
359954048166883
358561031427429
358614030177451
355382040010475
359243039111540
352981045739591
358561031430639
352981045761157
358561039533582
358614030174375
359960041211915
357096030071341
353098040925239
357679038788618
358561039533434
358561031435174
358561039539308
359954048164631
352981044844616
359954048169580
353098040960632
358561039541098
357096030071721
357679038769675
359237043482954
359954048171958
358561039541767
358614030178756
356060042811467
358561039539852
358614030177568
352981044838931
358561031438285
358614030173856
357096030075912
358561031437907
356060042830954
358561031437568
358561031436008
358561039537450
352981044895527
358561039540116
352981043683007
357096030072919
358561039539423
358561039540538
358614030179481
358614030123166
352981044842438
352981045761355
358561031430712
358614030178400
352981043690358
353098040924760
357679038771093
352981043683320
357679038768719
358614030174359
353098040959881
358561031431819
352981045741886
353098040923705
358561039533350
358561039544399
358561031438947
352981044838584
358561031434854
352981044825375
352981045725459
357679038768107
358561031438277
358561031424335
358561031438392
358614030173955
358561032041971
359954048169713
358561031424681
358561039540918
359954048167527
358614030179515
359954048165166
352981044893365
358614030112250
352981045775322
357679038720819
356908033654033
358561031424772
358561039537351
359039022438571
352981044831357
354188032922069
358561039537807
358614030177121
353098040963271
358561032041088
355382040012620
358561039533244
358614030177634
353098043898466
358561031439861
358614030177246
358561031434581
358561039536445
352981043696223
358561039540124
357679038788535
358561031435521
353098040918093
354188032959517
358561032040502
358561039538557
352981043673222
358561039536528
352981044835374
359039022440031
359954048165976
357679038716163
358614030174201
352981045728289
359237043482814
353098043863643
358561039542849
358614030179994
359954048186980
356908033622915
352981044842388
353098040923077
358561039539464
359039022438654
358561039510481
359960041211626
355382040042577
358614030176412
359039022438399
358561031430936
359954048190537
358561039534796
357096030071432
359960041210081
358614030174763
358561039540819
359039022421676
357096030075565
352981044842313
357096030076100
358561031434961
358561031427353
354188032949070
357096030059601
358561039544498
352981043690887
358614030181115
359954048167279
359237043435630
352981044895543
357679038716635
358561032025701
358614030118760
359662032212676
359954048174457
354188032942299
358561031435737
359237043427264
359954048169564
358561039535694
353098040962042
359662032210167
358561031435000
359243039113249
352981043679906
358561031435380
358561031432189
359039022442862
353098040917525
357679038787362
358561031431934
359243039112381
357679038720009
358561039539985
352981045738551
358561039527071
358561031437766
352981043685127
357679038787271
358238036733586
358561039541783
359243039112167
352981043688873
357096030067950
358561031439937
358561039540298
358614030174813
359237043436596
352981045738957
359954048168400
353098040924174
357096030068495
358561031438186
353098040959949
359662032223384
353373032861340
358502026240476
358614030181529
359662032256665
352981044827835
353373032860078
358561031435026
358561039541254
359243039111888
352981043685457
358561031430993
353373032859997
358614030117366
358614030178715
358561031426231
359960041210180
358561032040171
358561039510630
358614030114488
353373032859674
353098040918861
358561039535918
358561039542427
352981045734766
354188032973849
359237043482954
356908033670930
353098040921121
352981045771313
357679038792214
359954048174341
358614030177329
352981043696116
352981045723009
358614030179663
352981044844772
353098040937697
358561039539837
358238036726523
352981044819162
358614030177154
356060042811467
352981045728396
355382040012398
357096030050147
357679038719332
358561039542195
359243039115798
358561031429854
358561039539357
358614030174789
352981043677504
353098043862769
357096030067901
358561039540660
358561031439689
358614030179945
357679038770954
358561031428575
358561039537930
353098040963453
352981043685358
352981045768681
358614030178772
359039022438589
353098040959790
358561031436537
353098040922855
358561031436644
359243039112027
359954048171750
353098040924216
358614030175992
357679038788394
358561039534994
359237043482202
359243039112290
353098040920875
357679038768891
352981043685432
358561031433138
358561039541650
358561039542815
358561039536502
359662032229944
358561039510515
357096030074709
358561031432262
358561039512222
358614030180794
352981043684815
358561039543607
359960041210776
352981043670772
352981043691000
352981045730848
357679038716817
352981043688857
358561031424830
359954048168046
352981043671051
357096030059288
359039022442656
359237043484521
356060042830871
358561031439424
358561032041963
358561039534259
352981045755985
359243039115764
359039022442847
352981045728388
352981043676381
357679038769568
359039022419472
352981043681563
358561039537849
359960041210131
353098040925577
357096030064460
358561039537286
352981045739716
353098040926138
354188032942596
358561031437592
358561031436818
358561039538631
352981045734907
353098040925148
358614030113308
355382040012935
359954048189083
359960041210750
358614030177329
353098040918838
358561031424475
358561039536320
358561031429953
352981045743429
356908033672811
357679038711974
359039022438258
352981043689707
358561031433641
358614030179309
358614030175216
354345040248255
358561031429268
359954048188580
359243039112530
359954048167212
358614030181073
352981043699482
353098040961168
353373032861811
358561032041856
358561039539605
359237043428437
359237043427314
357096030072950
353098043843173
358561031426785
358561031439622
359237043482640
353098043899688
358561031433476
359243039111136
358561039537625
352981043677017
353373032874194
356908033626148
358561039537104
352981043693758
357096030068008
358561031428930
359960041210263
352981043681662
358561031427916
358614030179663
353098043899696
358561031425696
352981043623805
358614030121905
353098040922350
358561039536221
357679038713749
358561039540751
358561039540157
358561039535504
359954048187335
352981043682421
353098043899027
358561031438095
358561031423931
359954048167014
358614030177410
356060042831341
358561031426835
359039022440262
358614030180513
353098040960210
353098043844338
353373032861936
358561031425670
358561039541148
357679038720785
359039022442268
359954048172832
358561032025529
355382040010566
358561031438202
359039022439777
358614030111831
359243039112795
353098040960632
355382040045216
358561039535082
359237043482053
352981045734881
353373032863973
357096030075714
352981043685523
353098040924604
354188032932480
355382040045224
357096030068776
359954048166644
358561031428849
352981045723629
358561039543391
359243039111862
358561031437618
359237043482459
353098040962398
359954048167154
352981045777286
355382040014014
358561039543326
358561039537799
359662032210126
352981045738452
353098040922871
354188032959152
353098040962646
358561039539753
358614030176289
357679038787255
356060042831903
358561039535637
359237043482889
359954048167345
359237043427157
352981043688899
358614030180356
352981045768673
358561031432940
359237043430177
359954048189158
359662032213229
353098040915248
358614030162818
359954048167139
353098040917657
358561039543714
358614030123158
359243039111235
359662032227773
358561031439283
358561039541221
359954048164169
352981044821754
352981045769143
358561031436446
354345040231590
358561039539589
352981043685440
353098040936707
353098043844338
358561031424566
358561039543532
353098040926047
358614030177576
353098040961119
358561031424467
352981043697080
353098040919422
359243039114916
359492021179805
352981044847254
354345040244452
358561039510762
352981045775355
353098040925163
358561039541205
352981045768343
354188032935228
358561031433161
358614030180034
356060042831176
358614030114272
359954048187251
352981044829138
356060042830475
358614030117796
357096030075367
359039022441625
352981043671622
358561031434219
358614030113332
359960041210008
352981045768749
358561031425183
359039022442110
356914037091156
357679038716338
359237043435382
358561039538102
359039022440833
359954048165604
358561039537989
359039022439801
352981045755126
352981043673214
358561031437410
358561039539779
358561031430530
355382040015508
358561039511026
359039022440700
352981044838493
358561039536767
355382040012752
353098043844411
359954048171610
352981043681266
354345040249626
359954048171099
358561039537682
359954048170257
358561031428518
358561039535884
358614030181602
352981045764953
359237043427280
359954048167006
353098040925437
359954048164094
358561039542336
358614030162941
358614030175067
358561031437865
358561039543789
358614030120139
359237043484646
352981043682678
358561039534226
358238036710477
358614030180836
357096030050261
358561031433310
358614030174896
352981045743429
358561031424921
358561031430639
358561039536445
359243039111235
359960041211121
352981043683213
358561039541734
359237043482566
359662032224325
354188032940616
359954048187087
358561031439689
358561031437741
353098040920347
352981045775363
358561031428971
358561039544076
358614030177584
359954048168608
358614030173914
359237043484067
352981043695878
354345040237456
358561031426207
357096030013665
353098040960509
358614030115113
358561031431082
359960041211089
358614030176370
358614030179010
359237043427413
359243039112001
356060042830533
358561031430969
358561039542971
352981045751620
357679038713871
358561032041617
359960041217003
358614030124271
359954048187947
359662032224234
352981044842735
358614030177873
358614030179820
359243039115061
353098040923564
358561039538375
353098043843231
358561039538458
358561031433997
358561039534788
358614030179556
352981043682942
357679038769337
352981045731176
357679038717914
359662032224234
358561039534820
352981043699870
353098040961200
359960041210115
359039022419548
357679038721403
358561032041195
358561039528988
358561039536825
359243039111243
359039022439728
359960041210248
352981043676928
359954048187814
358561031431702
358614030114595
358561031426421
358561039511620
359243039114130
352981045728537
358561031437204
359954048172410
357096030086927
358561031433294
358561039534762
359237043430276
358614030178319
359039022437383
359954048186949
355382040013313
358561032041831
352981044847387
358561031437998
353098043899282
358561031431058
358614030177675
352981044895428
353098040924349
358614030173930
358614030180232
359243039115749
352981043684781
352981045750051
358561031432577
352981044847247
353098040962554
353098040924778
358561032040411
358561031431405
359237043434583
358502026215585
358561032025503
359237043484372
352981044842388
353098040962174
359237043484802
359662032214532
352981043684690
358561031431066
358561031436966
359954048166313
359243039112324
359954048166511
358561031424863
358614030180356
358614030182873
357096030075953
357679038720702
358561039538318
358614030179705
352981045755753
358614030180489
359237043484109
353098040917269
357096030059973
358614030178905
359237043484133
352981043670855
358561031433195
352981045725970
358561031428336
358614030111773
359954048169416
352981044824774
352981045738593
353098040961986
358561031439838
359954048190610
353098040962158
358561039537831
359039022436260
359237043482772
355382040043690
358561039542260
358561039537740
359243039114304
354188032934866
352981043695860
358561031437113
359954048166966
353098040914944
358614030180281
359039022441088
352981043679732
353098040918440
353098043899456
358561039536320
357679038788691
353098040961952
358561031430597
358561039543342
358614030173732
352981043681407
352981045776627
354188032934544
354345040251549
358561031435695
358561039533111
359243039112282
359492021179797
358561032040882
357679038768040
358561039539639
359039022438795
352981043673230
354188032940343
353098040922335
358561031431405
358561039538219
358614030180026
359039022421452
359960041210594
358561039532931
358561032040643
358561039543714
359662032225652
359954048186626
357096030050147
352981045774721
358614030175653
359662032210068
358561039536346
354188032951365
352981045728339
353098040918598
358614030117861
352981044838287
352981043613103
358561039534929
352981045734964
358614030112490
357096030013566
358561039536338
359039022440767
359954048164417
353098043898771
357096030063819
358561039540421
358614030180398
359237043483473
357096030073255
352981043681266
357679038718854
358614030111773
352981043671176
358561039538227
358614030123158
359954048167147
353098040923101
358561039542971
358614030179515
354188032951506
358561039534770
358614030174359
358614030113407
352981044838691
358561039536304
359243039115400
359960041210180
357096030073792
358561039537484
358614030113977
353098040923101
353373032866752
359039022441534
359954048186543
353373032859724
356908033632526
358614030178228
352981045761363
354188032922143
359243039111623
352981043679732
352981045722993
358561031427270
354188032934494
359039022441484
359954048172428
353373032875225
357679038716189
359954048186766
356060042830970
358614030174623
353098043865200
358614030180737
359237043482459
358561031437204
358561031438129
358561039537039
358614030177568
359954048166677
352981045765026
354345040245434
357679038716205
352981045761694
358561031428732
358614030180141
357679038716593
358561031431140
358561039544498
352981043685341
352981045739765
352981044819089
353098043843355
358561031426744
359954048191253
358561031438285
358561031425779
358614030177584
358614030177535
358561031428765
355382040013826
359039022438571
358561039541783
359954048166552
357679038767992
355382040010954
352981044829138
356914037055201
357679038787347
358561031434268
358614030113530
358561031435802
357096030037326
358561031428740
356908033672092
358561039539316
358561031435190
358561031424731
358614030178707
358561039540637
358614030178582
352981043680797
357096030064759
359954048173368
352981043687628
358561039543219
353098040918689
358561031438376
358561039510796
358561039542104
357679038713533
358561039540611
359662032243655
359954048174408
358561039537930
353098040965532
355382040039946
358614030115113
352981043673628
353098040920719
358561031436156
359039022438217
359954048164847
352981043699631
359039022442060
358614030177634
358561039538177
353098043898623
354188032949237
358561039537419
358561031437659
359960041210669
358561031424988
358614030179283
352981044831886
358614030176826
356060042831408
357096030063223
352981045755126
359237043484547
354188032943487
354345040239130
357096030086976
358561039534937
353098040918226
359039022440817
359954048164599
352981045739740
357679038719993
359954048164292
358614030177022
352981043684724
352981045743361
352981045726143
354345040245434
358561031433310
358561039541148
358614030175794
358614030113332
359954048167345
353098040936293
358238036730954
352981045755084
358561039541320
357096030060195
352981043688451
359954048186287
357096030074832
358561039537427
353098040924695
354345040232036
358561039537062
353098043899563
358614030180588
358614030113381
358561031426876
352981045728206
357096030014184
354188032951704
358561039534697
359237043483291
358561039543656
358614030173955
358561039544373
358614030179606
358561039539662
359237043483085
352981045741647
354188032942323
357096030061797
358561039510671
353098040914886
358561039541387
357096030059478
358561031436628
358561031436289
352981044846967
358561031436628
352981043671960
358561031438814
358561039542773
359237043433361
352981043680854
359243039113868
352981044838956
353098043899860
353373032866430
358614030177329
352981043687461
352981045759524
353373032859559
355382040010178
358561039534986
359243039112613
359954048190081
352981043699763
358561031438889
358561039540884
358614030181149
359237043482905
352981045756777
359954048164748
358561031430696
358614030178319
358614030112888
358561031424608
358614030178756
358561039542641
352981043689699
352981044893027
353098040915826
352981043688394
353098040916030
358561031440000
358561039537542
358561031437493
358561039542468
358238036739120
359960041210339
352981043683213
358614030177824
358561031432023
359237043436414
355382040010061
358561032040056
353098040919356
354345040239734
358614030173898
358561039541759
357679038792214
358561031432577
358561039537344
352981043684856
352981045775207
358614030177634
354188032940533
358561039533764
352981044831647
358238036711822
353098043899373
352981045722845
359039022421619
356908033623178
356908033672837
358614030175968
352981044831357
358561031423709
359954048168368
359960041218092
352981043688139
353098040962232
358561039542120
358561031436198
358561032040916
359237043482962
352981043673271
352981044844608
359954048167485
356908033664024
358561031437089
359237043483168
358561039543938
359039022418391
358614030162925
359237043482483
358561031436495
358561031428583
359039022431600
357679038720868
358561039539647
358561031434128
353098040923416
357096030074386
359662032210142
359237043484190
358238036738072
359960041210933
352981043680573
353098040917293
358561039536403
358614030111880
356060042827513
358561039535660
359237043485197
358561039534010
358614030180174
359039022441229
359662032224168
359237043427231
359954048164151
358561031435851
358561039539753
359960041211733
357096030071507
353098040925478
358561039544175
359243039111375
357679038712113
358561039537617
354188032942471
357679038728333
359243039114866
353098040958321
359954048168491
358561031424590
358614030177303
357679038768347
358614030175737
358561039542534
358561039544191
353373032860953
358238036722688
358561039529218
352981043682561
358561031432262
353373032860037
358561039539035
358561039539860
359039022443159
358614030123638
353098043843082
358614030180653
352981043684708
354188032951472
354345040247919
357096030074022
359039022438902
358561031432015
358561031430670
358614030174581
359954048186659
352981045759300
358561039537971
359662032210357
357096030075409
358561031429755
359954048167535
358614030177618
359237043435325
357679038716775
358561031426876
358614030178467
359237043427306
352981043676076
353098040917723
358614030184051
359662032225009
352981043683361
358561031439150
358614030117838
359954048188150
358561031427155
358561039510986
353098040963230
354188032959228
359039022441377
358561039540553
358614030176289
358561031433088
352981045731283
353098040923309
354345040231244
355382040012547
358614030181123
359039022421890
359243039114254
358614030176370
352981045738551
358561039536270
358614030179580
357096030058298
358561031435638
358614030175323
353098043843041
358561031437147
358561039537476
359954048165968
359039022438712
352981043685143
359237043482939
359960041211899
358561039538474
358561039536254
352981044831795
352981045775074
352981044838634
358614030175018
359954048170521
358561031438277
358561039538730
358561032040072
359960041210172
352981045731515
356060042831457
359960041211410
357096030058033
358614030175513
354345040245723
357679038711958
358614030176024
353098043899381
357096030059064
358561039536932
358561039538409
358561039535017
359237043483770
358614030180182
357679038712873
358614030176438
359237043430920
358561031439515
353098040917848
352981043688857
354188032942299
357096030074675
359243039112597
352981043687487
354345040244767
357679038717955
358561039543821
352981044831308
352981045730905
353098040918689
359039022438316
359954048184902
358561039539787
358561031437261
359662032215059
352981044895212
353098040960616
356908033653373
358561031424731
358561039541908
358561039536908
353098043899266
352104043958234
352981044835432
352981045728974
357679038714648
359237043482467
359243039115517
352981043689574
357679038769519
358561031431157
358561039541353
352981043681431
354345040253461
359243039112134
359954048170984
358614030112219
358561031436222
358561031437394
352981045756165
352981045725764
357679038768263
358561039543300
359954048164466
352981045750093
357096030059627
352981043673339
359237043482749
355382040011747
358561031425126
359243039112142
352981043685200
358561039539787
358614030114934
357093030933240
359243039112654
352981045743528
357679038769493
358614030178863
358561031438962
359237043427454
352981045743460
353098040962893
358561031433625
358614030177667
352981043673495
352981044897671
354345040232036
358561031436941
352981044831522
358561031438921
359243039113025
353098040915230
354188032942729
355382040015334
358561039513246
357096030075425
359237043484315
359954048165935
353098040999317
354188032932795
356908033623442
358561031435315
353098040960590
357096030073214
358561031430845
358561039536262
356060042811426
356914037020254
357096030074618
357679038722815
358614030175497
352981045734758
358561031424475
358561031433369
358561031426637
352981045738676
358614030179820
359960041211899
352981044838295
358614030175760
358561039537542
353098040918341
357096030075078
358561039542195
358614030162008
358561039536361
358614030180398
358561039540397
359243039111243
358561039527824
352981045738700
359039022441765
352981045768632
358561031435612
352981043696074
353098040962976
358561031436404
358561039542237
359243039115772
358561032042136
359954048169333
358561039537567
358561039542161
352981045768921
357096030035718
352981043685044
352981044825383
358238036755936
359039022440890
358561031433344
355382040043328
358561032025529
352981044842537
355382040045281
358561039543334
359039022439918
352981043683791
358561031431124
358561039536072
353098040959816
358561031434847
358561039540082
352981045742892
357096030074311
353098040961564
357096030059205
358561031439226
357096030073560
358561039543557
359039022439512
358614030178665
359954048164318
358561039539506
358561039543086
359039022438506
355382040044243
357096030073776
352981045751885
352981045755357
359662032257358
358561039536742
352981045728552
358561039536171
358614030177576
358561039510911
358561031428815
352981045777666
358614030112219
353098040914241
358561031436388
358561031430662
359039022440320
352981045735185
352981045769200
353098040960475
353098043898771
358614030179820
359662032227740
359243039115251
352981043696116
352981045731721
358561031428658
358561039542179
353098040918770
358561031438384
358561031424541
359243039111367
358614030114728
353098040959584
357096030059445
358561032041369
359243039113314
358614030177220
352981043683650
358502026215726
359039022438845
358561031431892
358561031435117
359039022419514
359237043432082
357096030059544
358561032023193
358561039538730
352981045776718
358561031434912
358561039538342
358614030163220
359039022440346
358614030176248
353098040966282
357096030075797
358614030179515
356914037091073
358561039542989
358561039533350
352981043673743
358614030174177
358614030182857
358614030123166
359662032214904
358561031426892
358561039533350
358614030175729
358561031439945
359954048168483
359039022435973
352981045757312
358561039527055
353098040961887
353098040925338
354188032974003
358561032042003
359243039114098
357679038719902
358561031436677
358614030112904
359954048167840
353098040917111
355382040040092
359954048167030
359960041211527
353098043899670
359954048169663
352981043673248
356914037019991
358561031433526
358614030180976
359237043483432
357096030075979
358614030177097
352981043672216
358561031438426
358561039539530
359954048170224
353098043899712
358238036724676
353373032867982
358561031429805
353098040919455
357096030075482
358614030180786
359954048165091
353098040966282
358561031439218
358614030161919
359039022422187
352981043677165
352981045756652
358561039538839
359237043483267
358561039540900
358614030175836
358561031438830
358561039536478
358561039510697
354345040248479
352981043683437
358561039538631
352981044896822
358561039541551
358561039540520
358561039535900
358614030163220
358561031431082
358561039538961
358614030175828
359954048168608
352981044818578
358561039539837
359662032260428
359954048170414
357096030074246
358561039541791
358561039540306
358561039539662
352981043677256
359039022441518
359237043483028
358561039543516
359039022438399
359954048185123
358561032041641
358561039533400
358614030174912
359237043482046
359954048169093
356060042830988
358561031427247
359954048170331
352981043673925
358561039527592
358614030180844
358561031433559
359237043434583
359954048168343
353098040960194
352981044835416
359039022442300
352981043671317
358561031437774
358561039540355
357679038769527
357679038716312
358614030179838
352981045768814
358561031437568
358561039536445
352981044831332
352981044842727
358561031438103
358561031437014
358561031435851
359237043427322
354345040240260
358561031427148
357679038788675
355382040044656
353098040922798
356060042830681
358614030111690
359237043483978
352981043682587
357679038715520
358561039543342
359039022441526
359954048170141
352981043671358
354188032942760
358561039510556
359237043484794
359954048165604
354345040244965
358561031426207
358561039511000
358614030181305
358614030174896
358614030113076
359954048167535
358561031434292
358561039536098
358614030178491
359243039113421
352981045739591
358561031439002
359954048172238
358614030180265
353373032859757
358561039541858
359243039113678
357096030057902
358614030176610
358614030162941
359039022419431
357679038768735
358614030177626
354345040238082
358561031428716
359662032243986
352981044842230
357096030014150
357679038712725
358561039543383
359237043484141
352981045774705
357096030086869
359039022438555
352981044844749
355382040012851
358561039536015
353098040963214
358561031438004
358561039540355
359039022439934
353098040958602
358561039540595
358614030176560
357679038715470
358614030176909
358614030114587
359039022442433
352981044835531
355382040014246
358561039541353
352981043699425
358561039537245
359243039112449
358561031435372
359039022441203
352981045756785
359954048167949
356908033623806
358561031426280
352981044831308
358561031459190
358561039543664
359954048174341
357096030076456
358561039544498
352981043693717
357679038711966
358614030179945
359039022418359
352981043696249
358561031439168
359243039112977
356908033672126
354188032951894
355382040016134
358614030176917
359039022439215
353098043898813
355382040043963
357679038721452
358561031424582
358561039538375
356914037090596
358561031433930
358561039534820
358561039527071
358561031439093
358614030178525
359243039112035
352981045768632
353373032870754
358561031426991
358614030179895
359960041210107
355382040039268
358561031425118
359960041217987
353373032871133
358561031429771
353098040916873
357679038788667
359039022441443
352981043689889
352981045731184
359237043485171
352981043670707
357679038714606
358561031424897
358561039541957
358561039533244
359662032229936
352981045735144
356914037059252
358561039538896
352981043688782
359237043482699
352981044893084
358561039537591
353373032860896
357096030071358
358561039534291
358561039536957
358561031433765
352981045728529
358561031433443
353098040921642
358561031429698
359237043482871
352981045775439
357679038714051
359960041211766
358561031437295
358614030118828
358614030112797
352981044839012
358614030180794
359954048188028
358561031426363
358561039541114
358614030174854
358561031438327
358561031424434
358561039540587
359954048167378
353098040919794
358561031433658
352981043699136
352981044893282
358614030179499
359662032213732
353098043898748
358561031435968
358561032042011
359954048169754
352981044893282
358561031425647
357679038715306
359954048167444
357679038788535
358561031423642
358561031437782
355382040015094
358561039542864
359237043427231
359960041210610
359954048171867
357096030072810
358614030180356
358614030175158
352981043685234
352981043699318
352981044842636
353098043843165
353098040936277
358614030174490
352981043690275
358614030181362
352981045775413
358561039538912
358561039535249
357096030072455
358561032040999
358561039535611
358614030176966
359039022437631
358561031425779
352981045738213
358561031436412
359243039114981
353098040924166
358561031457491
357096030073784
352981043679906
358561039538870
356060042811426
357096030050170
359039022441773
353098043899134
358561031426462
359954048190750
352981043690275
353098043843041
352981045726929
358561039538995
358561031433898
358614030174086
358614030176511
352981043687610
358561039543250
358561039534804
352981045778136
358561031435760
358561031431140
358561039533442
352981043676720
358561031430993
358561039535892
358614030178582
358561031425910
358561031434789
357096030074378
358561039538938
358614030177220
353098040917749
358561031436321
358561031431314
352981045738577
358561039536965
358561031431272
358561031425431
358561039539878
359954048167600
352981044846876
357096030071739
358561031438822
359960041210321
352981043681332
355382040014782
358561031427411
358561032041013
358614030112193
358561031435166
358561039540769
359954048169143
352981045768582
354188032935319
358561031435778
359039022438258
353098040918267
358561039535645
353098043863643
359662032210159
353098040914555
358561039541874
355382040014634
358561031435463
358561039535736
359039022438225
359237043483275
359960041211394
358614030176982
352981044895295
358561031434821
358561031435745
358561039535926
352981043673420
353098040962497
359954048186659
356908033622915
357679038769220
358561031436420
357096030067893
357679038719688
352981043676688
359954048169283
357096030076274
358561031439192
358561039535538
359662032225850
359039022439975
359039022440049
359954048187111
352981045755084
356914037077536
359039022442094
358561031437147
358614030176149
358561031432478
358561031436669
358614030113225
357096030075276
358561031425126
352981045728552
358561031436446
359039022441732
358561031425910
358561031428567
359039022415413
353098040966266
359039022440684
357096030071705
353373032863916
358561031434169
352981044821903
353098040923325
358561039513071
353098040918267
357096030058322
358561039541908
352981045743437
358561039534929
359237043482202
354188032971637
359960041210370
358561039534184
358614030181107
358561031439788
359960041210222
358614030175414
358561032040478
356060042832554
352981044895543
354345040249394
358614030180638
352981043670863
358561039543789
352981043679898
358561039543730
358614030176842
352981044897671
352981045726945
358561039539258
358561039540678
358614030174839
358614030176669
352981043687446
352981045768723
358561031435851
358561039536627
359039022440809
352981043673735
357679038715595
357679038720637
358561031436339
358561039511927
359039022437607
352981044847502
358614030117911
358561031437097
359954048166362
358561032040320
358614030176420
359039022441872
352981043673495
352981045777039
358561031434664
359237043427314
352981045728487
358238036738072
358561031436677
359039022442755
352981045731267
359954048164110
358614030181339
353098040916139
358561039540421
358561039543169
358614030180208
359237043483069
359243039112860
359960041210354
358561039535256
358561039534952
357679038712493
352981044826837
355382040043245
358561039540579
358614030176719
358614030123471
359954048173418
359039022422385
358614030123299
358561031428542
358561039537609
352981045775439
355382040045299
359954048188697
356908033653878
357679038713194
352981043694053
352981043699482
358561039534366
352981044835366
353098040959758
358561039533160
352981044831266
358614030175026
352981044831571
358561031435315
358561039510770
359039022439413
358561039536767
358614030179291
352981045742918
358561031429698
358561039535991
359237043482889
358561031438723
354345040246721
358561039542419
358614030111757
352981044835341
358561031424905
353098040918861
353373032864054
354345040235542
358561031435786
358614030174367
359237043484729
359662032257416
358561031429722
358561032041195
359243039112175
352981043676233
358561031425217
358561031428716
358614030180646
358561039539464
358614030114710
352981043680854
358614030180950
359237043482715
359243039113389
352981043687552
352981044831621
357679038716239
358238036731333
358561039537765
358614030180703
352981044831639
358561031426348
358561031436230
353098040924802
358614030177501
359243039114643
359039022440098
358614030162834
358561039538938
356060042831374
358561039536312
357679038792149
352981043671614
358561039539373
352981044893480
352981043623748
353098040924778
358614030175844
353098040960749
357679038717294
358561039536841
352981045738585
352981045738494
356908033623103
356914037077387
357096030073743
353098040919174
359662032223392
358561039540892
359954048166727
352981043681431
359960041211006
357679038713194
358561039534671
353098040924901
353098043898805
358561031433153
358614030163113
353098040926104
358561031430985
358561039539415
359039022442631
359243039113884
359960041210107
352981044824972
355382040013578
358561031435497
352981043693733
353098040917350
356060042827513
358561039543037
359237043427132
358614030181248
358561039540645
358614030181040
352981045771313
353098040959436
358561031428864
358561032041807
352981043687560
353098040961861
358561039542799
359039022442169
352981045738569
357096030073545
358561031432023
353098040962562
359237043483416
353098040918184
358614030177345
352981045735128
358561032040239
358614030183921
359954048169796
359954048168590
354188032934544
358561031436388
359243039115467
358614030179242
358561031436792
358561031427288
359243039111110
358561031433393
358561039543102
353098040922046
357096030067943
358561031424525
359954048167410
358561031431132
358561039543813
358614030174060
357679038713210
358561039538417
358561039544241
352981044847304
352981043676373
359237043482798
357096030063165
358561031435869
353098040924687
358561039537294
353098043861324
358561039536718
356060042831218
357096030013376
358561032041336
358561031428575
359954048168947
352981045735128
358561039544381
359237043482541
359954048167899
358614030180539
358561031426348
359237043482087
352981044835192
359954048169747
353098040961978
359243039114791
352981045731044
358614030178657
358561031426363
359954048167576
353098040960731
357096030071275
358561039543979
359237043483473
359954048186477
359954048169887
358614030175414
359662032225009
353098040962729
359243039112274
358561031424384
358614030113134
357679038770376
358561039538250
357679038713848
358561031434649
352981043673578
353098043899381
358614030174243
353098040921428
358614030181313
358561031424459
358561031434904
353098043899837
357096030075680
359237043484414
358614030173963
358614030180471
358614030162958
353098040926013
359039022439231
358561031431249
358614030178434
353098040963149
356060042831028
358614030113274
358614030180448
357679038715330
358614030177881
358614030121731
359237043426621
352981044827892
358561039510978
353098040922491
356060042831093
353098040919463
353098043844353
359039022419472
352981043677157
358614030174060
359237043430243
358614030178335
359237043485122
352104043959489
352981043685390
357096030077165
358561031424632
358614030178400
358561039513089
359237043433502
354345040240054
355382040012372
358614030179184
359237043432298
353373032866208
358561039541270
355382040042585
358561031437832
358614030174169
359243039112100
357096030074428
354188032951712
358614030180778
359954048165604
358561031435539
359243039111805
359954048185107
354188032959343
357096030071382
358614030178541
352981045741720
359243039112787
358561039513246
352981045731275
357679038720850
358561032025545
353098040920685
359954048169150
359039022438522
358614030111682
359237043433502
352981043688873
358561039537534
358561039535413
354345040231947
358614030179366
359960041211725
352981045728511
358561039535744
358614030180638
359243039114205
358614030178319
353098043898359
354188032939485
358561031436008
358561031430381
352981045777773
358614030123638
359243039114338
358561032041229
358614030177584
359954048168368
358561031439630
359960041211634
353098040962133
358238036732646
352981043683239
358614030114561
353373032859682
352981043690283
358561031435075
358561031430969
353098040958800
353098043842068
353373032867933
358561031432684
358561039538458
359954048164243
357679038716213
358561039540918
358614030177105
359039022439306
358561039539555
358614030176610
352981044895444
358238036718660
359662032224374
352981045774630
358561039533244
358561031432213
358561031438517
359954048171107
359954048186808
353098040924216
357679038712071
358561031437949
359039022439090
354188032939089
356908033631866
357096030074998
358561039542187
353098040959428
353098043843181
358561031438053
359039022439918
358238036714065
359954048188135
358561032041062
352981045734949
358561031424913
358614030176230
357096030058199
358561031439036
358561031427437
359243039114866
358561031433898
358561032040924
358614030174706
352981045730673
358561031434771
358614030180760
359960041210479
358561031428393
352981043670657
358561039534275
359039022463090
359243039112241
352981045761280
352981044827140
352981045768855
359954048186428
358561031436735
359960041211352
358561039536700
352981043681811
357679038711966
352981043673552
358614030177022
352981044825474
358614030112359
358561039542252
359237043484133
358614030112276
357679038720868
359954048184845
358561039538839
359954048168640
352981045734865
359237043426639
353098040923358
353373032873717
356908033663406
358561031428799
358561039534192
358614030115030
352981044844830
357096030076639
358614030175992
353098040962711
359954048165992
358561039543268
358614030112888
357096030074881
358561032040072
358561039541460
359039022422419
359960041210487
353098040915735
355382040043831
358614030176859
359039022422401
352981044831027
359954048186642
357096030071127
358614030177105
358561039533764
358561039542922
357096030075672
359237043435408
358561039539449
358614030113381
358561032040197
358561031438095
358561031433047
359243039112753
353098040918481
352981043683338
358561039540348
358614030121731
358561039512651
359954048186972
353098040920461
358561039539878
353098043899233
357679038722815
358561031436404
359662032227450
358614030180703
352104043957624
355382040012711
356060042831218
358561039538623
358614030180133
359243039114635
358238036716771
359954048170786
