352104043955610
352981043613137
352981044825359
352981045738411
353098040919612
353098043843009
353373032859666
353416046903986
354188032942380
354345040235542
355382040006499
356060042803969
356908033663885
356914037073667
357093030933414
357096030071580
357679038715769
358238036731143
358502026203136
358561031437303
358561031437618
358561032040866
358561039543029
358561039543383
358614030119891
358614030124859
359039022418086
359237043482202
359243039113629
359492021120981
359662032230702
359960041210008
352104043955610
352104043955610
352981043613137
352981044825359
352981044825367
352981044825375
352981044825383
352981044825391
352981044825409
352981045738411
352981045738429
352981045738437
352981045738445
352981045738452
353098040919612
353098043843009
353373032859666
353373032859674
353373032859682
353416046903986
352104043955610
352981043613137
352981044825359
352981045738411
352981045738429
352981045738437
352981045738445
352981045738452
352981045738411
352981045738429
352981045738437
352981045738445
352981045738452
352981045738551
352981045738569
352981045738577
352981045738585
352981045738593
352981045738601
352981045738700
352981045739708
352981045739716
352981045739724
352981045739732
352981045739740
352981045739757
352981045739765
352981045739773
352981045738411
352981045738429
352981045738437
352981045738445
352981045738452
352981045738551
352981045738569
352981045738577
352981045738585
352981045738593
352981045738601
352981045738700
352981045739708
352981045739716
352981045739724
352981045739732
352981045739740
352981045739757
352981045739765
352981045739773
352981045739781
352981045739880
353098040919612
353098040919620
353098040919729
353098040919737
353098040919836
353098040919844
353098040919851
353098040919869
353098040919877
353098040919885
353098040919893
353098040919901
353098040919919
353098040919927
353098043843009
353373032859666
353373032859674
353373032859682
353416046903986
353416046903986
354188032942380
354345040235542
355382040006499
356060042803969
356908033663885
356914037073667
357093030933414
357096030071580
353416046903986
354188032942380
354188032942398
354188032942497
354188032942505
354188032942513
354188032942521
354345040235542
354345040235641
354345040236649
354345040236748
355382040006499
356060042803969
356908033663885
356914037073667
357093030933414
357096030071580
357679038715769
357679038715777
357679038715785
357679038715793
357679038716791
358238036731143
358502026203136
358561031437303
358561031437311
358561031437329
358561031437337
358561031437345
358561031437352
358561031437360
358561031437378
358561031437386
358561031437394
358561031437402
358561031437410
358561031437428
358561031437436
358561031437444
358561031437451
358561031437469
358561031437477
358561031437485
358561031437493
358561031437501
358561031437519
358561031437527
358561031437535
358561031437543
358561031437550
358561031437568
358561031437576
358561031437584
358561031437592
358561031437600
358561031437618
358561031437626
358561031437634
358561031437642
358561031437659
358561031437667
358561031437675
358561031437683
358561031437691
358561031437709
358561031437717
358561031437725
358561031437733
358561031437741
358561031437840
358561031437857
358561031437865
358561031437873
358561031437881
358561031437899
358561031437907
358561031437915
358561031437923
358561031437931
358561031437949
358561031437956
358561031437964
358561031437972
358561031437980
358561031437998
358561031438004
358561031438012
358561031438020
358561031438038
358561031438046
358561031438053
358561031438061
358561031438079
358561031438178
358561031438186
358561031438194
358561031438202
358561031438210
358561031438228
358561031438236
358561031438244
358561031438251
358561031438269
358561031438277
358561031438285
358561031438293
358561031438301
358561031438319
358561031438327
358561031438335
358561031438343
358561031438350
358561031438368
358561031438376
358561031438384
358561031438392
358561031438400
358561031438418
358561031438426
358561031438434
358561031438442
358561031438459
358561031438467
358561031438475
358561031438483
358561031438491
358561031438509
358561031438517
358561031438525
358561031438533
358561031438541
358561031438558
358561031438566
358561031438574
358561031438582
358561031438590
358561031438608
358561031438616
358561031438624
358561031438632
358561031438640
358561031438657
358561031438665
358561031438673
358561031438681
358561031438699
358561031438707
